4294967278,38
4294967278,28
4294967278,20
4294967278,15
4294967278,14
4294967278,8
4294967279,131
4294967279,107
4294967279,106
4294967279,101
4294967279,100
4294967279,94
4294967279,93
4294967279,56
4294967279,50
4294967279,39
4294967279,184
4294967279,512
4294967279,0
938,5
4294967279,182
939,4
4294967279,181
939,3
939,2
939,1
938,4
938,3
938,2
938,1
4294967279,178
0,7
4294967278,176
4294967279,175
4294967294,17
4294967294,42
4294967294,67
4294967294,99
4294967294,76
4294967294,41
4294967294,2
4294967294,5
4294967294,107
4294967294,81
4294967294,50
4294967294,92
4294967294,91
4294967294,90
4294967294,88
4294967294,87
4294967294,86
4294967294,84
4294967294,83
4294967294,884
4294967294,29
4294967294,1431
4294967294,28
4294967294,27
4294967294,25
4294967294,26
4294967294,53
4294967294,51
4294967294,52
4294967294,1010
4294967294,45
4294967294,44
4294967294,1008
4294967294,43
4294967294,82
4294967278,170
4294967294,8
4294967294,7
4294967294,6
4294967294,22
4294967293,131
4294967293,130
4294967293,129
4294967293,128
4294967293,127
4294967293,126
4294967293,125
4294967293,124
4294967293,123
4294967293,122
4294967293,121
4294967293,120
4294967293,119
4294967293,118
4294967293,117
4294967293,116
4294967293,115
4294967293,114
4294967293,113
4294967293,112
4294967293,111
4294967293,110
4294967293,109
4294967293,108
4294967293,107
4294967293,106
4294967293,105
4294967293,104
4294967293,103
4294967293,102
4294967293,101
4294967293,100
4294967293,99
4294967293,98
4294967293,97
4294967293,96
4294967293,95
4294967293,94
4294967293,93
4294967293,92
4294967293,91
4294967293,90
4294967293,89
4294967293,87
4294967293,86
4294967293,85
4294967293,84
4294967293,83
4294967293,82
4294967293,81
4294967293,80
4294967293,79
4294967293,78
4294967293,77
4294967293,76
4294967293,75
4294967293,74
4294967293,73
4294967293,72
4294967293,71
4294967293,70
4294967293,69
4294967293,68
4294967293,67
4294967293,66
4294967293,65
4294967293,64
4294967293,63
4294967293,62
4294967293,61
4294967293,60
4294967293,59
4294967293,58
4294967293,57
4294967293,56
4294967293,55
4294967293,54
4294967293,53
4294967293,52
4294967293,51
4294967293,50
4294967293,49
4294967293,48
4294967293,47
4294967293,46
4294967293,45
4294967293,44
4294967293,43
4294967293,42
4294967293,41
4294967293,40
4294967293,39
4294967293,38
4294967293,37
4294967293,36
4294967293,35
4294967293,34
4294967293,33
4294967293,32
4294967293,31
4294967293,30
4294967293,29
4294967293,28
4294967293,27
4294967293,26
4294967293,25
4294967293,24
4294967293,23
4294967293,22
4294967293,21
4294967293,20
4294967293,19
4294967293,18
4294967293,17
4294967293,16
4294967293,15
4294967293,14
4294967293,13
4294967293,12
4294967293,11
4294967293,10
4294967293,9
4294967293,8
4294967293,7
4294967293,6
4294967293,5
4294967293,4
4294967293,3
4294967278,308
4294967278,132
4294967278,436
4294967278,421
4294967278,131
4294967278,327
4294967278,130
4294967278,129
4294967278,306
4294967278,128
4294967278,127
4294967278,126
4294967278,124
4294967278,123
4294967278,122
4294967278,345
4294967278,121
4294967278,369
4294967278,120
4294967278,223
4294967278,119
4294967278,118
4294967278,0
4294967278,117
4294967278,116
4294967278,115
4294967278,424
4294967278,114
4294967278,113
4294967278,112
4294967278,111
4294967278,110
4294967278,109
4294967278,108
4294967278,107
4294967278,106
4294967278,105
4294967278,311
4294967278,104
4294967278,310
4294967278,103
4294967278,438
4294967278,102
4294967278,101
4294967278,100
4294967278,99
4294967278,98
4294967278,418
4294967278,97
4294967278,96
4294967278,361
4294967278,95
4294967278,94
4294967278,93
4294967278,92
4294967278,446
4294967278,91
4294967278,90
4294967278,89
4294967278,423
4294967278,87
4294967278,86
4294967278,85
4294967278,84
4294967278,83
4294967278,267
4294967278,82
4294967278,273
4294967278,81
4294967278,434
4294967278,444
4294967278,80
4294967278,79
4294967278,78
4294967278,77
4294967278,76
4294967278,75
4294967278,292
4294967278,74
4294967278,433
4294967278,73
4294967278,72
4294967278,366
4294967278,71
4294967278,70
4294967278,69
4294967278,432
4294967278,68
4294967278,67
4294967278,174
4294967278,66
4294967278,416
4294967278,399
4294967278,65
4294967278,64
4294967278,63
4294967278,321
4294967278,62
4294967278,61
4294967278,60
4294967278,59
4294967278,298
4294967278,58
4294967278,431
4294967278,332
4294967278,56
4294967278,429
4294967278,409
4294967278,55
4294967278,54
4294967278,297
4294967278,53
4294967278,227
4294967278,52
4294967278,296
4294967278,51
4294967278,225
4294967278,50
4294967278,314
4294967278,241
4294967278,44
4294967278,43
4294967278,42
4294967278,41
4294967278,413
4294967278,351
4294967278,40
4294967278,39
4294967278,422
4294967278,392
4294967278,37
4294967278,341
4294967278,36
4294967278,295
4294967278,35
4294967278,34
4294967278,33
4294967278,31
4294967278,215
4294967278,30
4294967278,315
4294967278,29
4294967278,340
4294967278,25
4294967278,219
4294967278,24
4294967278,23
4294967278,294
4294967278,22
4294967278,21
4294967278,19
4294967278,427
4294967278,17
4294967278,348
4294967278,16
4294967278,11
4294967278,355
4294967278,10
4294967278,233
4294967278,9
4294967278,405
4294967278,7
4294967278,6
4294967278,88
4294967278,426
4294967278,346
4294967278,239
4294967278,4
4294967279,319
4294967279,132
4294967279,128
4294967279,127
4294967279,483
4294967279,126
4294967279,251
4294967279,138
4294967279,125
4294967279,124
4294967279,123
4294967279,122
4294967279,121
4294967279,390
4294967279,120
4294967279,247
4294967279,119
4294967279,118
4294967279,117
4294967279,217
4294967279,116
4294967279,115
4294967279,114
4294967279,428
4294967279,113
4294967279,112
4294967279,111
4294967279,110
4294967279,109
4294967279,245
4294967279,108
4294967279,105
4294967279,104
4294967279,103
4294967279,102
4294967279,99
4294967279,98
4294967279,97
4294967279,96
4294967279,243
4294967279,95
4294967279,92
4294967279,91
4294967279,90
4294967279,406
4294967279,89
4294967279,241
4294967279,87
4294967279,510
4294967279,86
4294967279,85
4294967279,84
4294967279,83
4294967279,304
4294967279,82
4294967279,239
4294967279,256
4294967279,81
4294967279,80
4294967279,79
4294967279,405
4294967279,78
4294967279,77
4294967279,76
4294967279,313
4294967279,75
4294967279,312
4294967279,74
4294967279,73
4294967279,72
4294967279,71
4294967279,70
4294967279,69
4294967279,235
4294967279,68
4294967279,67
4294967279,66
4294967279,508
4294967279,442
4294967279,65
4294967279,64
4294967279,63
4294967279,229
4294967279,233
4294967279,62
4294967279,61
4294967279,231
4294967279,60
4294967279,452
4294967279,59
4294967279,227
4294967279,58
4294967279,57
4294967279,55
4294967279,54
4294967279,503
4294967279,495
4294967279,53
4294967279,502
4294967279,225
4294967279,52
4294967279,431
4294967279,51
4294967279,389
4294967279,45
4294967279,299
4294967279,44
4294967279,43
4294967279,42
4294967279,501
4294967279,498
4294967279,492
4294967279,40
4294967279,430
4294967279,37
4294967279,36
4294967279,294
4294967279,35
4294967279,496
4294967279,292
4294967279,34
4294967279,300
4294967279,32
4294967279,31
4294967279,30
4294967279,29
4294967279,28
4294967279,433
4294967279,27
4294967279,316
4294967279,26
4294967279,221
4294967279,25
4294967279,504
4294967279,24
4294967279,23
4294967279,22
4294967279,21
4294967279,426
4294967279,20
4294967279,480
4294967279,19
4294967279,18
4294967279,17
4294967279,407
4294967279,16
4294967279,15
4294967279,14
4294967279,386
4294967279,13
4294967279,384
4294967279,12
4294967279,11
4294967279,444
4294967279,10
4294967279,9
4294967279,8
4294967279,454
4294967279,7
4294967279,219
4294967279,440
4294967279,6
4294967279,174
4294967279,88
4294967279,411
4294967279,5
4294967294,1634
4294967278,168
4294967278,57
4294967278,169
936,5
4294967278,167
4294967279,168
937,4
4294967278,166
937,3
937,2
937,1
4294967279,167
4294967278,165
4294967279,166
936,4
936,3
936,2
936,1
4294967278,163
4294967278,48
4294967278,160
4294967278,49
4294967279,48
4294967279,477
4294967278,47
4294967279,46
4294967279,157
4294967279,47
4294967279,438
4294967278,46
4294967278,387
4294967294,1025
4294967294,1024
4294967278,379
4294967278,356
4294967278,45
4294967294,469
4294967294,0
4294967294,1722
935,0
4294967294,1717
4294967294,295
4294967294,293
4294967294,291
4294967294,286
4294967294,285
4294967294,283
4294967294,281
4294967294,280
4294967294,279
4294967294,277
4294967294,276
4294967294,275
4294967294,263
4294967294,259
4294967294,258
4294967294,257
4294967294,255
4294967294,249
4294967294,248
4294967294,237
4294967294,229
4294967294,228
4294967294,226
4294967294,225
4294967294,220
4294967294,214
4294967294,209
4294967294,208
4294967294,207
4294967294,205
4294967294,204
4294967294,203
4294967294,202
4294967294,201
4294967294,200
4294967294,197
4294967294,194
4294967294,830
4294967294,829
4294967294,828
4294967294,827
4294967294,826
4294967294,825
4294967294,824
4294967294,823
4294967294,821
4294967294,820
4294967294,819
4294967294,818
4294967294,817
4294967294,809
4294967294,808
4294967294,807
4294967294,806
4294967294,805
4294967294,803
4294967294,802
4294967294,800
4294967294,799
4294967294,797
4294967294,795
4294967294,794
4294967294,793
4294967294,792
4294967294,791
4294967294,789
4294967294,788
4294967294,787
4294967294,786
4294967294,785
4294967294,783
4294967294,782
4294967294,780
4294967294,777
4294967294,776
4294967294,775
4294967294,774
4294967294,773
4294967294,766
4294967294,761
4294967294,760
4294967294,758
4294967294,746
4294967294,744
4294967294,742
4294967294,738
4294967294,723
4294967294,721
4294967294,717
4294967294,716
4294967294,715
4294967294,713
4294967294,712
4294967294,705
4294967294,703
4294967294,702
4294967294,701
4294967294,693
4294967294,687
4294967294,684
4294967294,679
4294967294,671
4294967294,667
4294967294,666
4294967294,664
4294967294,663
4294967294,655
4294967294,654
4294967294,652
4294967294,649
4294967294,648
4294967294,645
4294967294,642
4294967294,640
4294967294,633
4294967294,631
4294967294,628
4294967294,627
4294967294,625
4294967294,615
4294967294,614
4294967294,613
4294967294,612
4294967294,609
4294967294,608
